0.998178, -0.0603325, 0.000226683, -1.70158, 0.0603325, 0.998178, -5.45092e-05, 0.429387, -0.000222981, 6.80862e-05, 1, -0.00941189, 0, 0, 0, 1
0.999697, 0.0246158, 3.70009e-05, -2.16009, -0.0246158, 0.999697, -0.000833687, 0.489029, -5.75116e-05, 0.000832524, 1, -0.011165, 0, 0, 0, 1
0.999783, -0.0208432, 0.000252162, -1.63235, 0.020843, 0.999783, 0.000630465, -0.189327, -0.000265248, -0.000625072, 1, -0.00667696, 0, 0, 0, 1
0.99999, 0.00420057, -0.00154296, -0.146314, -0.00419756, 0.999989, 0.00195052, -0.440978, 0.00155113, -0.00194402, 0.999997, 0.0107335, 0, 0, 0, 1